bicycle 0.996 0.056 0.032 0.032 0.030 0.027 0.023 0.017 0.011 0.009 0.006 0.004 0.004 0.003 0.003 0.002 0.002 0.001 0.001 0.001 0.001 0.000 0.000 0.000 0.000
bell 0.779 0.419 0.231 0.217 0.209 0.182 0.146 0.086 0.056 0.048 0.044 0.036 0.030 0.027 0.026 0.023 0.011 0.011 0.011 0.006 0.004 0.002 0.001 0.000 0.000
house 0.837 0.270 0.224 0.223 0.210 0.166 0.148 0.114 0.108 0.058 0.044 0.035 0.018 0.016 0.013 0.013 0.012 0.011 0.011 0.009 0.007 0.005 0.002 0.001 0.000
church 0.762 0.395 0.325 0.265 0.153 0.143 0.112 0.101 0.099 0.071 0.042 0.033 0.025 0.025 0.022 0.019 0.018 0.010 0.005 0.005 0.004 0.001 0.001 0.000 0.000
telephone 0.775 0.468 0.358 0.154 0.143 0.042 0.034 0.033 0.030 0.029 0.029 0.017 0.016 0.011 0.010 0.008 0.007 0.006 0.005 0.001 0.000 0.000 0.000 0.000 0.000
ant 0.944 0.198 0.156 0.132 0.130 0.074 0.062 0.023 0.017 0.017 0.016 0.016 0.016 0.015 0.010 0.006 0.006 0.005 0.005 0.005 0.004 0.003 0.003 0.000 0.000
lettuce 0.979 0.116 0.108 0.082 0.065 0.056 0.031 0.026 0.021 0.015 0.006 0.005 0.004 0.000 0.000 0.000 0.000 0.000 0.000 0.000 0.000 0.000 0.000 0.000 0.000
carrot 0.883 0.368 0.242 0.130 0.063 0.056 0.030 0.020 0.015 0.012 0.008 0.007 0.005 0.004 0.003 0.000 0.000 0.000 0.000 0.000 0.000 0.000 0.000 0.000 0.000
beetle 0.702 0.487 0.379 0.256 0.203 0.064 0.063 0.063 0.060 0.045 0.025 0.016 0.014 0.014 0.013 0.011 0.011 0.000 0.000 0.000 0.000 0.000 0.000 0.000 0.000
table 0.992 0.087 0.046 0.044 0.033 0.032 0.025 0.022 0.020 0.017 0.015 0.012 0.011 0.010 0.009 0.008 0.004 0.003 0.002 0.002 0.002 0.001 0.001 0.001 0.000
skirt 0.734 0.520 0.311 0.288 0.083 0.045 0.028 0.025 0.020 0.016 0.016 0.013 0.009 0.005 0.002 0.001 0.001 0.000 0.000 0.000 0.000 0.000 0.000 0.000 0.000
bee 0.671 0.596 0.302 0.175 0.148 0.099 0.099 0.092 0.080 0.067 0.054 0.053 0.046 0.040 0.027 0.022 0.021 0.020 0.018 0.015 0.014 0.013 0.008 0.004 0.002
saw 0.934 0.226 0.219 0.131 0.064 0.052 0.032 0.031 0.028 0.023 0.019 0.019 0.018 0.014 0.011 0.009 0.008 0.006 0.005 0.004 0.004 0.003 0.002 0.000 0.000
aeroplane 0.918 0.221 0.201 0.166 0.114 0.072 0.066 0.056 0.052 0.052 0.048 0.048 0.032 0.028 0.024 0.024 0.023 0.019 0.019 0.015 0.005 0.001 0.000 0.000 0.000
barn 0.710 0.485 0.436 0.148 0.104 0.099 0.094 0.092 0.055 0.054 0.041 0.037 0.025 0.021 0.009 0.008 0.006 0.004 0.003 0.002 0.001 0.000 0.000 0.000 0.000
horse 0.961 0.128 0.123 0.119 0.092 0.082 0.054 0.053 0.052 0.050 0.039 0.034 0.030 0.023 0.017 0.017 0.013 0.012 0.012 0.010 0.009 0.005 0.003 0.002 0.000
apartment 0.654 0.619 0.238 0.210 0.200 0.122 0.093 0.080 0.075 0.070 0.064 0.036 0.024 0.021 0.012 0.009 0.007 0.004 0.002 0.002 0.002 0.000 0.000 0.000 0.000
eye 0.794 0.328 0.325 0.300 0.187 0.105 0.095 0.059 0.042 0.042 0.034 0.029 0.027 0.025 0.022 0.011 0.011 0.011 0.009 0.008 0.007 0.006 0.004 0.003 0.001
shirt 0.739 0.554 0.302 0.177 0.095 0.075 0.058 0.045 0.036 0.036 0.034 0.022 0.017 0.015 0.011 0.011 0.008 0.006 0.006 0.005 0.004 0.003 0.002 0.002 0.000
closet 0.768 0.515 0.258 0.161 0.143 0.121 0.094 0.059 0.057 0.031 0.017 0.013 0.013 0.013 0.010 0.009 0.009 0.008 0.007 0.002 0.002 0.001 0.000 0.000 0.000 
cup 0.885 0.291 0.190 0.180 0.133 0.122 0.097 0.056 0.055 0.053 0.050 0.044 0.044 0.037 0.036 0.034 0.027 0.025 0.014 0.014 0.006 0.005 0.002 0.000 0.000
dress 0.843 0.474 0.198 0.101 0.092 0.043 0.037 0.034 0.027 0.023 0.017 0.016 0.016 0.014 0.014 0.006 0.006 0.003 0.003 0.003 0.002 0.001 0.001 0.001 0.000
arm 0.548 0.450 0.441 0.432 0.206 0.147 0.132 0.103 0.084 0.079 0.071 0.048 0.030 0.026 0.024 0.021 0.019 0.010 0.008 0.007 0.006 0.005 0.003 0.002 0.001
celery 0.837 0.346 0.315 0.243 0.115 0.060 0.059 0.029 0.016 0.000 0.000 0.000 0.000 0.000 0.000 0.000 0.000 0.000 0.000 0.000 0.000 0.000 0.000 0.000 0.000
window 0.998 0.050 0.014 0.012 0.010 0.009 0.008 0.008 0.007 0.004 0.003 0.002 0.002 0.002 0.002 0.002 0.001 0.001 0.001 0.001 0.000 0.000 0.000 0.000 0.000
chimney 0.893 0.276 0.205 0.175 0.126 0.119 0.100 0.074 0.070 0.033 0.030 0.027 0.015 0.008 0.006 0.003 0.003 0.002 0.002 0.000 0.000 0.000 0.000 0.000 0.000
knife 0.802 0.320 0.257 0.244 0.204 0.157 0.128 0.115 0.106 0.073 0.069 0.053 0.049 0.047 0.042 0.039 0.030 0.013 0.006 0.006 0.005 0.002 0.002 0.000 0.000
pants 0.773 0.616 0.102 0.066 0.063 0.047 0.027 0.017 0.015 0.013 0.013 0.012 0.012 0.10 0.007 0.007 0.006 0.005 0.005 0.004 0.004 0.004 0.003 0.001 0.000
butterfly 0.751 0.510 0.252 0.146 0.141 0.140 0.103 0.093 0.087 0.081 0.064 0.060 0.057 0.050 0.044 0.039 0.037 0.018 0.013 0.010 0.009 0.004 0.004 0.003 0.000
fly 0.929 0.230 0.196 0.145 0.118 0.048 0.045 0.043 0.037 0.027 0.027 0.026 0.023 0.023 0.019 0.017 0.010 0.009 0.006 0.005 0.005 0.002 0.001 0.001 0.000
door 0.996 0.037 0.036 0.031 0.029 0.027 0.027 0.024 0.017 0.015 0.012 0.008 0.008 0.003 0.003 0.003 0.002 0.001 0.001 0.001 0.001 0.000 0.000 0.000 0.000
chair 0.920 0.285 0.141 0.137 0.117 0.102 0.060 0.041 0.031 0.029 0.026 0.026 0.022 0.014 0.010 0.010 0.008 0.007 0.004 0.003 0.003 0.002 0.001 0.000 0.000
leg 0.821 0.427 0.279 0.129 0.125 0.111 0.091 0.070 0.047 0.046 0.038 0.034 0.031 0.018 0.013 0.011 0.011 0.010 0.008 0.003 0.003 0.001 0.001 0.000 0.000
corn 0.785 0.365 0.316 0.224 0.190 0.161 0.112 0.108 0.068 0.057 0.054 0.040 0.035 0.027 0.014 0.013 0.011 0.009 0.005 0.005 0.005 0.004 0.003 0.003 0.000
watch 0.782 0.562 0.179 0.156 0.098 0.049 0.040 0.027 0.026 0.021 0.016 0.015 0.013 0.013 0.008 0.007 0.006 0.006 0.003 0.003 0.003 0.001 0.001 0.001 0.000
screwdriver 0.838 0.386 0.341 0.112 0.081 0.078 0.057 0.036 0.033 0.028 0.019 0.019 0.011 0.006 0.000 0.000 0.000 0.000 0.000 0.000 0.000 0.000 0.000 0.000 0.000
bear 0.520 0.520 0.486 0.214 0.190 0.181 0.167 0.158 0.143 0.085 0.079 0.070 0.069 0.054 0.054 0.041 0.041 0.031 0.024 0.018 0.018 0.018 0.013 0.011 0.000
hand 0.508 0.470 0.319 0.309 0.299 0.262 0.205 0.173 0.166 0.153 0.110 0.082 0.077 0.069 0.068 0.061 0.031 0.031 0.029 0.028 0.016 0.010 0.009 0.008 0.006
glass 0.663 0.520 0.356 0.279 0.203 0.137 0.103 0.083 0.048 0.035 0.033 0.027 0.025 0.025 0.022 0.021 0.020 0.014 0.014 0.011 0.010 0.006 0.005 0.004 0.003
spoon 0.741 0.523 0.299 0.142 0.139 0.103 0.103 0.093 0.085 0.074 0.049 0.042 0.037 0.019 0.017 0.011 0.010 0.006 0.006 0.004 0.002 0.000 0.000 0.000 0.000
train 0.791 0.489 0.246 0.205 0.095 0.085 0.061 0.060 0.059 0.039 0.039 0.031 0.020 0.016 0.011 0.009 0.009 0.008 0.005 0.005 0.004 0.001 0.000 0.000 0.000
key 0.818 0.336 0.276 0.213 0.168 0.166 0.122 0.092 0.072 0.058 0.055 0.045 0.038 0.028 0.028 0.014 0.013 0.012 0.011 0.006 0.005 0.003 0.003 0.001 0.000
desk 0.862 0.273 0.267 0.193 0.187 0.115 0.106 0.078 0.054 0.038 0.033 0.029 0.024 0.022 0.022 0.015 0.014 0.014 0.012 0.012 0.002 0.001 0.001 0.000 0.000   
foot 0.481 0.478 0.388 0.282 0.265 0.243 0.229 0.212 0.153 0.131 0.105 0.097 0.092 0.054 0.051 0.039 0.038 0.036 0.034 0.032 0.016 0.009 0.007 0.001 0.000
pliers 0.977 0.120 0.110 0.084 0.075 0.066 0.040 0.015 0.013 0.013 0.000 0.000 0.000 0.000 0.000 0.000 0.000 0.000 0.000 0.000 0.000 0.000 0.000 0.000 0.000
arch 0.614 0.474 0.422 0.268 0.244 0.185 0.129 0.127 0.075 0.060 0.054 0.053 0.047 0.035 0.032 0.024 0.018 0.015 0.012 0.009 0.007 0.004 0.000 0.000 0.000
refrigirator 0.894 0.362 0.157 0.102 0.099 0.087 0.080 0.057 0.050 0.040 0.039 0.027 0.017 0.011 0.010 0.010 0.010 0.006 0.001 0.000 0.000 0.000 0.000 0.000 0.000
tomato 0.919 0.260 0.173 0.173 0.123 0.082 0.056 0.039 0.022 0.020 0.017 0.014 0.011 0.010 0.009 0.007 0.006 0.005 0.002 0.000 0.000 0.000 0.000 0.000 0.000
cow 0.421 0.367 0.261 0.205 0.115 0.080 0.073 0.067 0.061 0.056 0.048 0.045 0.043 0.042 0.040 0.039 0.027 0.027 0.025 0.023 0.014 0.013 0.009 0.000 0.000
coat 0.739 0.580 0.194 0.161 0.136 0.127 0.105 0.054 0.045 0.040 0.028 0.019 0.018 0.016 0.012 0.011 0.009 0.009 0.007 0.004 0.003 0.003 0.002 0.001 0.000
chisel 0.737 0.642 0.140 0.104 0.096 0.035 0.034 0.028 0.024 0.022 0.020 0.015 0.012 0.012 0.011 0.000 0.000 0.000 0.000 0.000 0.000 0.000 0.000 0.000 0.000
dog 0.742 0.460 0.301 0.294 0.105 0.097 0.079 0.078 0.075 0.072 0.062 0.060 0.054 0.049 0.042 0.031 0.023 0.022 0.020 0.018 0.015 0.014 0.011 0.004 0.000
bed 0.590 0.489 0.340 0.322 0.212 0.207 0.192 0.114 0.107 0.086 0.085 0.081 0.074 0.073 0.062 0.048 0.045 0.039 0.038 0.021 0.020 0.019 0.013 0.011 0.007
cat 0.592 0.449 0.435 0.303 0.208 0.175 0.163 0.146 0.088 0.075 0.075 0.069 0.068 0.053 0.052 0.048 0.041 0.041 0.033 0.031 0.031 0.028 0.027 0.022 0.002
hammer 0.937 0.215 0.143 0.129 0.120 0.117 0.061 0.051 0.027 0.023 0.022 0.019 0.016 0.014 0.014 0.011 0.010 0.009 0.007 0.006 0.005 0.003 0.001 0.001 0.000
truck 0.750 0.521 0.182 0.173 0.165 0.163 0.149 0.109 0.089 0.054 0.037 0.029 0.023 0.022 0.021 0.018 0.015 0.005 0.004 0.004 0.003 0.002 0.000 0.000 0.000
bottle 0.821 0.477 0.166 0.154 0.127 0.113 0.077 0.062 0.054 0.033 0.033 0.033 0.031 0.026 0.019 0.016 0.016 0.015 0.012 0.010 0.006 0.005 0.003 0.003 0.000
car 0.778 0.384 0.289 0.201 0.195 0.190 0.121 0.093 0.088 0.083 0.057 0.046 0.038 0.034 0.032 0.027 0.026 0.019 0.016 0.016 0.012 0.003 0.001 0.000 0.000
dresser 0.812 0.444 0.247 0.192 0.164 0.108 0.057 0.043 0.027 0.026 0.022 0.019 0.011 0.008 0.000 0.000 0.000 0.000 0.000 0.000 0.000 0.000 0.000 0.000 0.000
igloo 0.649 0.564 0.420 0.204 0.181 0.067 0.067 0.000 0.000 0.000 0.000 0.000 0.000 0.000 0.000 0.000 0.000 0.000 0.000 0.000 0.000 0.000 0.000 0.000 0.000